person 0.821943 153.05 58.88 223.00 206.88
diningtable 0.805864 6.54 94.11 208.20 223.00
person 0.791975 19.36 52.42 56.51 140.12
person 0.747341 131.93 53.47 166.80 128.37
person 0.701912 57.80 32.09 112.94 121.34
person 0.667364 7.60 44.42 57.87 204.91
diningtable 0.641387 21.31 83.03 178.44 192.60
person 0.594150 150.31 59.56 202.73 133.92
person 0.581190 61.11 36.20 126.82 100.55
diningtable 0.547754 32.04 66.97 163.70 168.21
person 0.511007 0.04 51.55 43.80 223.00
person 0.451735 68.91 35.73 130.69 129.14
diningtable 0.446675 69.51 78.33 192.51 210.20
person 0.417631 135.29 59.17 181.23 130.30
person 0.409286 76.28 41.73 124.87 92.95
diningtable 0.402747 24.28 134.85 191.95 223.00
