chair 0.719875 90.22 112.80 158.74 203.66
chair 0.690608 0.00 125.36 74.07 219.24
chair 0.656529 68.68 120.58 153.52 215.12
chair 0.646299 157.09 88.40 192.70 156.79
chair 0.597345 42.31 123.50 129.91 214.97
chair 0.588483 11.81 123.06 103.38 219.09
chair 0.521077 146.93 93.11 189.48 166.51
chair 0.509285 112.43 110.22 165.77 183.95
diningtable 0.472594 0.00 126.19 129.51 213.09
diningtable 0.465295 31.52 123.44 174.06 211.05
chair 0.451473 132.73 100.78 182.77 177.95
chair 0.429464 17.29 124.16 78.33 201.61
