person 0.779433 128.94 21.64 177.81 74.42
person 0.748801 36.72 4.68 122.93 170.34
motorbike 0.741443 124.71 62.40 223.00 222.96
motorbike 0.711580 3.34 52.21 175.07 222.94
person 0.668739 119.92 17.58 162.04 72.05
motorbike 0.600478 66.22 60.20 219.99 223.00
person 0.599511 18.24 23.24 140.21 215.59
person 0.591811 5.03 13.55 31.24 98.63
person 0.555453 194.84 25.96 212.93 76.43
person 0.538095 9.35 7.50 32.89 69.26
person 0.512975 203.59 24.29 218.86 78.12
person 0.511705 22.92 0.00 106.67 109.30
motorbike 0.497789 0.00 82.22 121.87 219.50
person 0.483406 122.64 26.39 167.10 85.57
motorbike 0.482102 25.25 36.49 140.41 212.10
person 0.480180 2.71 9.88 27.06 74.04
motorbike 0.443965 140.22 85.26 223.00 192.57
motorbike 0.439952 102.92 44.39 209.20 199.94
person 0.430024 207.78 25.26 223.00 79.12
person 0.418193 89.81 17.96 119.46 70.14
person 0.406181 15.54 11.26 31.26 54.55
