person 0.799966 144.81 67.56 223.00 217.33
person 0.796864 82.92 29.90 143.84 123.51
person 0.783113 36.42 37.85 76.74 123.14
person 0.746332 1.16 38.29 41.08 134.40
person 0.559458 90.16 26.51 176.83 124.38
diningtable 0.543709 0.00 120.87 186.76 223.00
person 0.507135 51.03 36.18 87.14 126.49
person 0.498982 79.63 51.02 141.92 160.68
person 0.466457 106.90 33.70 187.90 141.32
person 0.449801 72.84 32.83 121.05 134.74
person 0.429277 86.95 54.32 161.70 172.84
person 0.408825 12.21 43.69 53.18 132.07
person 0.401627 127.95 50.22 217.22 187.71
