person 0.830113 21.13 48.88 60.78 136.59
person 0.738762 48.59 53.41 87.41 129.02
horse 0.634956 0.00 79.27 108.39 178.43
horse 0.608084 156.83 71.12 212.26 161.58
person 0.604562 134.36 62.88 168.68 124.95
person 0.568700 42.87 55.86 97.55 145.87
person 0.568437 195.82 49.67 223.00 141.08
horse 0.539331 141.60 60.06 201.81 148.46
horse 0.534916 165.88 85.22 223.00 163.83
horse 0.533167 3.02 67.80 68.07 165.56
horse 0.515430 136.60 70.18 166.15 134.30
horse 0.500146 13.12 56.87 60.17 154.64
horse 0.471271 33.62 61.93 111.03 160.03
horse 0.467477 80.99 97.44 126.06 156.57
person 0.465911 191.97 45.10 217.14 125.18
horse 0.441745 9.93 64.76 92.31 156.63
person 0.434877 137.91 64.36 189.12 131.39
horse 0.425902 184.85 77.69 223.00 158.07
person 0.425823 13.39 48.52 85.40 139.32
