person 0.807972 13.92 82.69 57.79 167.99
horse 0.636321 109.88 107.11 182.65 190.11
person 0.632371 158.92 78.01 188.16 143.30
person 0.627772 118.40 74.18 176.14 158.55
person 0.617692 93.22 90.24 115.99 154.09
horse 0.611444 128.63 108.37 202.85 193.17
cow 0.548507 28.38 105.65 97.42 183.65
horse 0.535463 162.82 106.68 219.83 192.78
horse 0.528731 113.98 88.63 177.97 171.36
person 0.528629 181.27 82.07 218.22 137.15
horse 0.484216 149.13 97.93 208.51 190.04
horse 0.420958 109.48 105.67 162.76 175.49
person 0.420625 145.13 79.57 184.81 157.27
person 0.407486 172.92 80.71 208.89 140.19
horse 0.401459 168.31 89.86 216.66 174.03
