bicycle 0.791241 158.19 109.83 223.00 194.13
bicycle 0.760987 7.36 105.04 67.63 181.62
bicycle 0.749486 95.41 110.85 163.02 182.65
person 0.716791 178.46 65.55 215.67 100.85
person 0.710110 14.83 0.00 39.20 41.36
person 0.703212 96.33 56.30 131.32 152.27
person 0.677890 10.17 51.33 68.53 153.36
person 0.619388 112.02 1.63 134.61 37.41
person 0.585108 105.95 0.52 127.91 38.07
person 0.584907 75.44 4.90 96.96 37.73
person 0.562309 99.61 56.81 131.07 111.56
person 0.555157 77.66 6.04 105.57 40.00
bicycle 0.548910 138.28 112.05 206.80 190.24
person 0.538135 99.09 1.19 120.60 38.44
person 0.532946 140.35 60.24 168.03 104.68
person 0.527474 97.64 72.13 139.38 168.69
bicycle 0.517823 8.18 79.30 64.14 167.42
bicycle 0.512083 121.43 111.15 182.66 188.08
person 0.499399 65.92 9.59 90.30 37.45
bicycle 0.499101 166.38 93.84 217.17 177.45
person 0.488766 87.42 3.31 111.83 38.89
person 0.485977 169.23 85.10 221.37 185.33
bicycle 0.476791 78.62 111.89 146.32 177.47
person 0.471801 59.68 9.59 82.39 38.11
person 0.464275 2.99 0.00 21.73 38.38
person 0.419817 176.87 9.33 193.09 39.29
person 0.419559 216.39 5.55 223.00 44.30
bicycle 0.413009 97.46 88.25 144.78 172.04
