person 0.734219 192.24 111.06 216.68 185.50
person 0.647744 199.31 107.32 219.22 179.02
person 0.618094 132.35 114.84 149.17 157.36
person 0.577782 177.04 110.17 197.43 159.86
person 0.565808 184.13 107.71 209.02 170.45
person 0.550218 97.87 146.61 133.67 219.68
person 0.520101 189.78 135.45 214.19 211.39
person 0.504980 165.77 113.92 188.70 158.60
person 0.490961 134.02 109.53 153.94 160.73
person 0.456522 65.36 148.33 100.23 222.71
person 0.446093 202.25 117.45 223.00 190.49
person 0.436543 104.57 114.60 126.50 155.26
person 0.427988 158.95 109.42 176.72 161.96
person 0.421591 204.13 110.45 223.00 169.55
