pottedplant 0.730777 184.08 57.42 213.76 117.63
person 0.723479 32.01 88.85 97.01 169.91
person 0.721831 104.56 100.09 194.37 221.77
pottedplant 0.504634 185.53 71.85 210.44 131.23
person 0.484503 133.45 104.26 197.13 210.76
chair 0.478765 129.26 112.84 196.04 213.13
person 0.463689 77.21 89.28 166.83 214.42
person 0.462755 48.81 87.16 118.71 186.63
pottedplant 0.439032 186.68 89.58 208.38 135.78
chair 0.434100 137.80 135.85 186.43 210.12
bottle 0.432845 0.00 132.03 13.71 176.85
chair 0.421866 195.45 141.23 222.81 214.66
