person 0.817422 153.20 54.13 216.16 219.21
person 0.761534 15.55 66.57 75.03 222.12
person 0.735794 41.13 82.77 96.34 221.85
person 0.713832 121.03 58.43 194.79 219.52
person 0.702247 67.95 54.87 101.86 105.71
person 0.689528 115.43 123.65 168.58 212.70
person 0.652745 60.68 54.87 93.07 107.96
person 0.617273 121.52 60.73 158.06 106.11
person 0.607864 63.61 62.42 91.45 123.90
person 0.577882 62.87 98.31 89.83 207.47
person 0.531318 11.54 55.89 59.79 110.20
person 0.462391 5.68 53.01 36.16 112.75
person 0.441334 3.57 53.59 24.79 113.74
