person 0.768824 155.87 69.93 207.51 149.91
person 0.752430 11.04 66.86 56.54 140.11
person 0.687327 5.29 67.38 49.30 199.96
person 0.632821 196.84 66.72 223.00 164.59
person 0.580261 71.28 75.49 157.35 162.63
person 0.579669 171.33 68.10 223.00 173.99
person 0.577372 120.14 177.08 142.94 219.85
sofa 0.525823 67.74 96.58 215.74 180.12
person 0.510979 6.85 72.52 58.93 167.16
person 0.479172 84.46 65.20 157.38 123.84
person 0.476890 0.00 80.25 36.60 212.66
person 0.418303 141.43 76.30 221.89 169.04
person 0.415168 205.80 76.95 223.00 176.63
