person 0.837345 138.33 34.17 186.44 119.54
person 0.723082 191.34 40.43 217.55 143.02
person 0.703453 44.47 30.78 75.95 120.91
bottle 0.668065 131.61 136.00 168.94 220.96
person 0.551104 7.79 30.55 34.08 152.19
person 0.509229 36.68 31.79 59.90 121.51
person 0.499245 42.50 23.42 70.18 100.78
person 0.473172 23.76 32.87 46.61 130.01
person 0.463354 173.06 40.35 205.14 125.16
person 0.439891 46.88 25.55 89.53 115.73
person 0.434840 50.89 28.61 103.63 131.89
bottle 0.425979 118.06 152.55 175.31 222.34
bottle 0.405873 154.77 122.49 188.11 153.68
person 0.405430 200.00 42.86 223.00 141.85
person 0.404039 70.63 32.62 115.01 128.65
