person 0.775633 57.35 62.62 93.95 150.67
person 0.745919 164.98 58.48 191.60 126.03
person 0.734532 102.51 68.54 130.05 151.18
person 0.692800 190.51 60.63 219.10 126.24
person 0.672334 136.79 68.56 162.56 153.02
person 0.652390 139.32 93.58 160.38 152.41
person 0.631880 200.64 57.23 223.00 125.07
person 0.595894 17.56 57.38 38.81 107.15
bicycle 0.587473 61.67 113.07 97.94 181.23
person 0.577675 2.61 58.86 20.21 111.44
person 0.540481 11.23 58.15 30.13 109.28
person 0.508198 105.58 91.51 134.34 161.57
person 0.490293 23.18 56.16 45.09 105.42
person 0.483540 185.92 56.16 210.96 126.94
person 0.483207 172.29 57.42 199.96 128.62
person 0.481628 0.00 60.26 15.33 116.08
person 0.476145 128.92 65.28 157.42 146.94
person 0.467558 68.02 76.82 94.82 163.46
person 0.449758 118.60 67.59 144.31 147.53
person 0.426872 52.31 58.28 85.94 140.27
person 0.426691 152.54 61.67 178.82 138.67
person 0.414733 59.85 88.76 94.48 174.48
person 0.409415 91.89 62.41 121.16 144.04
