person 0.746945 158.64 76.21 223.00 209.75
person 0.728357 60.39 25.00 126.88 115.96
person 0.719287 15.35 31.66 77.89 110.68
person 0.689840 119.16 16.20 183.90 118.71
person 0.684144 40.09 63.06 177.97 220.86
person 0.644390 1.02 87.46 55.52 223.00
person 0.603556 162.50 40.08 211.52 121.43
person 0.590324 47.72 89.55 139.18 222.83
person 0.582420 132.35 22.51 201.81 124.89
person 0.567553 136.62 48.66 204.32 187.10
person 0.556850 127.60 65.13 221.43 206.96
person 0.514267 28.78 85.40 95.94 223.00
person 0.433762 59.39 53.57 157.35 198.59
person 0.433586 111.26 19.19 165.47 113.63
person 0.413351 76.21 33.19 146.12 132.10
person 0.412597 41.60 63.38 127.42 192.57
