person 0.807889 2.44 39.08 58.44 213.37
person 0.768948 149.75 39.17 196.60 135.72
diningtable 0.743855 38.97 102.02 210.57 213.31
person 0.720024 146.52 37.62 209.00 189.81
person 0.701363 165.49 43.99 220.91 208.81
person 0.517884 39.84 31.74 91.15 139.60
person 0.508983 14.79 41.22 69.57 189.28
diningtable 0.508214 46.81 62.32 174.26 191.81
person 0.484875 49.50 50.26 162.80 174.74
person 0.435460 50.48 33.86 147.77 136.05
person 0.422111 23.31 36.45 85.64 168.83
person 0.410452 137.15 30.13 192.68 119.48
