cow 0.724072 17.94 46.17 100.30 125.34
cow 0.667964 106.97 59.84 188.64 121.44
cow 0.626761 11.17 51.13 89.78 99.18
sheep 0.615635 79.34 61.74 138.36 122.39
sheep 0.597619 110.39 59.03 188.21 119.76
cow 0.594459 170.73 58.26 207.47 109.13
cow 0.537230 81.89 59.41 132.87 121.47
cow 0.516140 92.43 51.04 128.70 87.06
sheep 0.489601 88.89 63.50 162.03 123.14
cow 0.459548 135.30 63.22 191.99 121.59
cow 0.450593 37.12 47.07 91.96 95.38
cow 0.449838 8.24 42.47 76.35 117.02
cow 0.442779 124.71 44.08 163.99 75.88
cow 0.439938 54.27 59.03 112.76 124.05
cow 0.404484 89.43 54.55 129.21 104.51
cow 0.400665 77.23 50.20 121.88 92.26
