person 0.726774 16.71 48.65 85.17 194.34
bicycle 0.724018 175.46 104.98 223.00 192.52
bicycle 0.682979 152.30 113.19 223.00 200.10
bicycle 0.583875 105.40 90.69 200.01 196.46
bicycle 0.555090 0.00 101.41 106.13 208.92
bicycle 0.532957 54.96 112.13 182.09 213.62
person 0.532857 179.38 70.52 220.50 177.39
bicycle 0.523101 124.80 78.26 188.06 187.31
bicycle 0.511508 0.00 118.06 50.75 202.24
bicycle 0.505113 13.81 130.11 89.62 221.98
bicycle 0.502805 12.48 109.71 149.54 212.50
person 0.450754 125.41 58.69 181.81 177.50
bicycle 0.444565 93.94 110.82 162.37 209.34
bicycle 0.422875 0.99 86.83 78.21 197.15
