person 0.830641 108.37 20.97 161.46 117.60
person 0.805258 6.89 70.09 116.09 218.66
diningtable 0.763016 36.31 104.54 223.00 223.00
person 0.683116 0.00 41.15 21.91 115.43
person 0.678830 164.47 65.40 219.68 143.77
diningtable 0.615176 62.68 96.44 223.00 190.93
person 0.584367 54.83 30.91 98.00 78.85
person 0.536222 102.74 17.78 151.24 100.90
person 0.514668 149.53 55.48 210.31 135.09
diningtable 0.506652 24.06 87.43 170.73 214.40
person 0.497261 32.25 33.67 93.75 82.51
diningtable 0.475805 61.34 63.85 193.06 164.00
person 0.470593 0.00 27.89 24.94 90.97
person 0.412631 115.94 30.38 175.76 129.18
person 0.401932 126.38 42.71 196.06 134.57
