person 0.829427 43.69 61.19 104.32 217.34
person 0.803715 5.91 51.18 46.06 212.06
person 0.754099 158.91 74.83 209.71 221.48
person 0.744471 146.04 119.09 195.44 223.00
person 0.680898 119.27 70.82 169.44 220.75
person 0.629370 0.81 44.35 39.66 139.62
person 0.624643 130.75 79.54 189.55 223.00
person 0.590815 105.33 75.28 149.41 222.41
person 0.586048 180.74 38.76 212.91 85.93
person 0.571645 71.34 77.19 116.04 222.93
person 0.479486 8.88 67.89 67.73 219.44
person 0.417189 57.75 51.17 101.25 128.66
pottedplant 0.404825 71.65 0.00 121.16 44.35
person 0.402334 171.53 74.83 220.13 214.11
