person 0.785935 1.04 102.82 36.97 173.16
diningtable 0.784235 0.00 155.60 188.04 223.00
person 0.720841 15.61 99.45 53.06 164.71
person 0.704972 167.85 81.22 223.00 219.10
person 0.663730 44.73 97.71 78.42 161.36
person 0.618019 114.41 92.46 155.27 147.83
diningtable 0.584173 27.89 132.92 212.25 223.00
person 0.562211 36.00 98.86 66.35 164.42
person 0.485587 24.06 105.32 56.69 172.90
person 0.412016 102.28 96.61 139.36 149.76
person 0.404520 173.90 90.80 218.14 172.98
person 0.400425 2.89 110.23 59.82 196.64
