person 0.809789 4.02 43.19 20.57 125.33
motorbike 0.778747 20.15 46.68 180.64 199.19
person 0.661046 191.30 32.52 217.16 148.73
person 0.642951 0.60 46.54 16.55 123.04
person 0.573927 202.35 32.27 220.19 149.11
person 0.529323 43.22 32.64 60.01 77.27
person 0.455373 206.91 45.89 223.00 146.94
person 0.450149 42.87 40.54 61.94 108.19
person 0.445709 148.33 27.04 192.77 134.06
person 0.418403 54.63 37.09 167.07 165.96
person 0.414653 171.38 30.52 205.33 138.59
person 0.414082 118.54 24.77 157.71 111.14
person 0.411809 0.44 38.57 26.58 131.56
