diningtable 0.864763 6.33 86.31 223.00 215.11
person 0.825005 154.37 49.41 202.63 131.06
person 0.764791 110.02 32.23 146.97 101.28
person 0.761240 88.87 17.44 140.65 94.17
person 0.731975 8.72 43.98 54.66 152.14
person 0.670704 148.86 45.10 193.02 115.50
person 0.614282 0.00 49.97 43.48 160.75
person 0.610134 170.38 49.41 219.34 159.36
person 0.601277 176.17 7.06 215.96 64.62
diningtable 0.531271 0.60 74.96 165.69 198.57
diningtable 0.509034 64.21 76.17 223.00 187.00
person 0.468689 52.81 41.51 79.46 87.27
person 0.453316 84.77 29.22 127.01 93.18
person 0.442277 19.83 48.67 63.20 139.04
person 0.430117 119.65 44.33 148.82 101.39
person 0.421234 3.01 45.17 76.39 168.72
person 0.401480 166.23 13.26 208.59 62.40
person 0.400306 132.56 44.87 159.79 104.05
