diningtable 0.856745 64.57 116.74 223.00 223.00
person 0.827504 62.55 26.46 107.81 113.21
person 0.737933 11.30 49.21 80.75 223.00
person 0.734204 150.86 39.21 213.24 136.54
person 0.691910 202.65 60.82 223.00 171.55
bottle 0.625381 127.38 57.22 147.30 108.00
person 0.602302 120.80 32.04 149.57 97.43
person 0.597341 24.55 34.65 87.33 188.38
person 0.572386 149.12 43.87 195.70 119.60
person 0.571123 193.78 55.73 221.75 188.73
diningtable 0.570930 29.58 86.70 181.06 223.00
person 0.558207 195.65 60.46 223.00 138.59
bottle 0.543346 111.33 80.13 135.42 128.52
diningtable 0.500120 62.87 93.11 208.34 191.01
person 0.486723 126.34 48.47 147.19 107.38
person 0.471447 44.28 31.09 93.96 133.41
bottle 0.466916 126.94 71.22 149.84 120.64
person 0.433160 173.47 48.05 223.00 160.06
bottle 0.425328 121.63 75.34 145.53 124.70
person 0.410148 8.39 66.44 123.79 223.00
