person 0.827515 20.62 52.48 122.11 220.90
person 0.773402 109.13 45.75 221.18 223.00
person 0.668314 40.56 21.89 67.90 62.03
person 0.650364 204.25 52.78 220.80 92.31
person 0.628810 89.94 56.15 122.97 118.98
person 0.622940 51.77 48.32 146.08 214.52
person 0.596561 116.76 44.05 176.43 138.21
person 0.596541 78.70 49.06 172.38 219.02
bottle 0.587725 1.16 127.49 15.66 177.36
person 0.570028 1.07 51.16 93.06 223.00
bottle 0.488735 1.17 139.40 13.16 185.52
person 0.460660 1.11 53.19 45.09 140.72
person 0.452911 0.00 58.50 28.72 145.03
