sheep 0.681875 119.55 42.37 140.18 67.00
sheep 0.646038 96.04 93.89 131.66 168.68
sheep 0.637177 3.23 91.70 91.92 189.32
sheep 0.608145 80.49 38.61 101.04 60.66
sheep 0.568878 25.30 91.73 97.60 171.42
sheep 0.565561 0.00 85.73 64.29 174.59
sheep 0.553240 0.00 80.03 45.57 152.61
sheep 0.535162 11.08 104.97 108.92 207.22
sheep 0.528456 0.06 87.65 30.03 153.92
sheep 0.522465 49.87 86.03 95.47 129.12
sheep 0.518778 40.36 86.07 100.22 150.72
sheep 0.473786 2.62 120.56 88.09 203.50
horse 0.467523 179.36 66.29 221.73 178.61
sheep 0.449340 148.99 100.66 193.75 198.77
sheep 0.430908 95.53 90.88 136.65 138.82
sheep 0.411575 21.80 85.16 79.25 145.83
