person 0.740875 170.05 10.94 220.79 147.42
bottle 0.699180 39.46 144.84 63.21 200.70
person 0.696363 81.36 19.92 156.30 108.56
person 0.652707 1.32 23.07 47.85 169.54
person 0.637709 69.56 47.41 172.25 151.70
person 0.625550 94.68 22.90 150.06 93.11
person 0.616601 74.04 15.85 141.50 94.20
person 0.588319 57.52 31.98 81.60 96.59
person 0.576650 15.69 28.06 58.03 163.10
bottle 0.517092 35.11 106.59 55.66 165.32
person 0.486118 100.70 27.23 168.94 117.31
person 0.481567 60.34 28.13 92.87 92.33
person 0.466660 38.07 32.65 60.10 140.48
person 0.441152 70.39 19.91 119.49 88.95
person 0.439940 118.67 40.91 196.76 155.01
bottle 0.414794 37.04 42.99 56.41 144.26
bottle 0.402801 38.79 123.36 56.31 183.75
