pottedplant 0.697145 40.13 109.69 121.78 200.37
pottedplant 0.494132 139.99 92.19 200.27 136.48
pottedplant 0.491338 124.11 98.66 205.10 171.18
pottedplant 0.476910 46.39 108.66 117.24 167.10
pottedplant 0.475335 54.57 114.21 147.98 202.18
pottedplant 0.452225 133.62 97.33 199.05 152.90
pottedplant 0.449618 44.22 97.21 182.29 198.82
pottedplant 0.433520 89.63 95.38 202.44 199.24
pottedplant 0.408604 1.86 153.41 42.22 221.61
pottedplant 0.406851 13.78 112.89 89.21 204.85
pottedplant 0.400177 105.42 101.43 191.72 180.20
