person 0.779103 160.89 59.64 213.68 129.84
person 0.751455 78.30 60.89 135.34 130.65
person 0.585754 116.36 59.69 223.00 197.13
person 0.552291 55.11 70.61 154.83 178.36
person 0.550966 45.44 62.27 123.10 147.72
person 0.520449 138.33 61.40 211.95 168.15
person 0.491337 71.06 67.47 220.06 210.40
person 0.460726 34.13 70.00 124.38 206.86
person 0.452702 34.44 71.94 63.72 147.81
person 0.449980 84.73 70.94 157.89 129.73
person 0.420595 153.44 71.45 221.43 178.57
person 0.414455 14.06 85.46 143.80 216.13
