person 0.831434 5.16 59.84 88.78 212.92
person 0.761201 197.14 101.81 222.72 175.43
person 0.735686 106.20 89.00 214.03 223.00
person 0.691350 59.31 78.38 204.43 223.00
person 0.687205 125.89 108.98 206.06 209.36
person 0.627021 199.21 77.00 218.96 138.80
person 0.579991 196.04 88.12 218.49 164.26
person 0.556842 42.24 49.31 98.64 129.72
person 0.518684 3.60 45.37 85.67 160.99
person 0.516664 194.77 116.11 223.00 195.95
person 0.503812 160.53 102.53 223.00 213.42
person 0.414503 194.79 72.00 215.65 119.33
