person 0.813039 3.23 126.11 62.17 222.22
person 0.768487 155.61 96.29 223.00 223.00
person 0.672844 89.51 79.56 155.92 202.24
person 0.548998 55.94 88.10 90.01 179.15
person 0.543088 102.23 105.80 168.89 218.31
person 0.513965 68.63 91.86 147.43 209.77
person 0.497060 20.53 131.87 79.44 217.12
person 0.493145 39.83 93.44 84.30 144.88
person 0.490606 117.19 105.07 189.68 220.84
person 0.473146 0.00 127.08 41.65 217.57
person 0.470485 31.06 92.19 66.44 140.07
person 0.434370 64.26 101.08 97.45 194.44
