person 0.768109 181.48 43.37 222.57 106.43
person 0.711300 15.02 16.92 59.43 145.91
person 0.679217 16.34 18.85 49.69 111.63
person 0.678174 171.51 46.66 214.77 109.94
person 0.615829 160.48 50.63 205.89 122.78
person 0.574995 52.63 56.02 93.43 147.93
person 0.549582 0.00 97.95 125.36 220.53
person 0.520115 81.74 72.83 187.48 214.81
person 0.518787 16.82 72.85 111.52 207.44
person 0.498735 19.01 25.93 73.23 160.81
person 0.489020 9.74 43.38 89.87 187.46
person 0.458047 100.36 51.81 197.91 192.40
person 0.448058 30.45 52.96 101.51 181.06
person 0.438578 48.82 81.03 166.14 223.00
person 0.434489 110.29 67.27 160.00 165.29
