person 0.791072 131.02 0.00 179.58 49.57
person 0.767440 63.73 100.05 138.42 180.20
person 0.666873 133.59 41.44 209.25 191.84
person 0.660409 93.82 0.00 130.08 59.42
person 0.654442 10.70 0.00 33.55 58.05
person 0.629671 149.38 0.00 203.41 56.31
person 0.595112 110.18 18.34 179.48 72.70
person 0.559518 174.64 0.00 215.57 62.68
person 0.553863 109.12 1.41 149.29 60.53
person 0.544996 119.37 1.79 181.23 66.28
person 0.488696 58.69 0.11 80.00 61.46
person 0.484011 102.19 27.48 180.99 109.55
person 0.477768 2.48 0.00 24.61 57.08
person 0.468116 21.99 0.00 45.45 54.75
person 0.462968 32.72 0.00 53.76 51.97
person 0.462521 192.38 0.52 221.79 67.12
person 0.461928 86.42 1.26 108.42 62.61
person 0.449855 98.16 37.31 191.54 133.97
person 0.441961 59.38 13.32 76.24 70.35
person 0.436493 63.17 0.00 86.99 59.61
person 0.429608 39.52 0.00 59.57 52.91
person 0.425563 208.98 5.91 223.00 67.37
person 0.420755 0.00 0.00 13.30 59.60
person 0.418689 112.39 34.28 201.92 163.96
person 0.401701 50.52 0.00 70.73 55.81
