chair 0.714024 161.01 98.63 213.25 162.92
chair 0.665939 108.72 100.36 163.48 184.02
chair 0.659835 100.36 107.95 171.49 214.16
chair 0.594305 64.64 115.37 112.74 199.34
chair 0.585101 157.53 92.19 217.16 187.72
chair 0.546610 149.17 109.54 222.78 216.85
diningtable 0.513882 88.21 89.10 217.35 211.83
chair 0.471886 118.02 94.61 182.16 181.31
pottedplant 0.456303 14.28 149.05 54.08 201.00
chair 0.454499 140.05 95.40 207.86 172.92
chair 0.439169 123.26 110.82 205.46 220.98
chair 0.434231 165.54 95.08 209.91 144.41
chair 0.431076 110.94 98.70 191.20 206.97
chair 0.415722 82.30 114.07 139.16 211.78
pottedplant 0.408865 4.17 2.91 64.81 161.55
