motorbike 0.701929 42.74 54.43 130.44 223.00
person 0.648937 72.84 38.57 110.00 79.33
person 0.606286 46.79 45.94 131.04 214.90
person 0.579742 76.36 52.30 155.80 201.06
person 0.561196 116.68 36.80 146.17 93.99
person 0.517752 6.54 43.11 56.49 134.46
person 0.516782 5.75 49.45 41.26 129.09
person 0.503664 118.22 29.36 145.45 77.64
motorbike 0.470640 10.43 69.28 113.73 215.34
person 0.469134 213.76 62.79 223.00 134.44
person 0.457153 15.56 40.31 75.45 138.62
person 0.454936 10.52 58.71 67.69 187.28
motorbike 0.422633 59.20 62.33 154.83 213.53
person 0.410890 165.66 52.21 194.44 89.72
person 0.400728 43.80 40.18 73.96 86.18
