person 0.797131 143.07 81.01 194.21 175.35
person 0.796443 4.36 87.19 74.63 223.00
person 0.608765 94.32 93.74 118.12 188.12
person 0.602818 183.32 85.72 223.00 207.51
person 0.560765 100.37 88.42 131.94 163.32
person 0.538512 151.72 89.75 206.40 204.68
person 0.503438 101.05 97.25 125.74 192.77
person 0.473755 165.57 82.41 216.26 181.45
person 0.466794 104.87 87.22 135.94 186.40
person 0.426114 86.12 98.44 121.83 165.85
person 0.407566 87.14 116.75 115.95 201.53
person 0.402402 193.07 95.59 218.89 196.32
