person 0.676277 67.25 87.57 101.42 177.41
person 0.620773 72.55 79.79 105.32 154.98
person 0.589376 139.69 98.53 202.82 194.93
person 0.586690 169.76 99.78 215.68 202.10
chair 0.581293 50.66 109.22 99.71 196.91
person 0.506177 56.81 101.95 98.07 195.30
person 0.473547 12.62 97.28 42.63 162.00
person 0.456924 156.32 94.28 209.32 181.68
person 0.455947 0.44 119.63 51.71 217.02
chair 0.444817 29.25 118.33 95.24 206.26
diningtable 0.432675 27.94 118.12 90.28 204.02
person 0.431895 130.36 92.37 184.98 201.34
person 0.424021 182.25 105.46 223.00 202.25
