person 0.790259 74.16 55.26 117.95 135.05
person 0.773678 3.19 51.74 64.14 192.19
person 0.715382 29.46 47.51 86.25 139.75
person 0.713845 132.04 61.34 208.23 206.44
person 0.707013 16.58 46.83 84.19 179.91
person 0.643852 21.72 89.81 178.42 215.13
person 0.601455 124.84 54.95 172.38 197.99
person 0.581241 128.23 47.05 165.82 138.38
person 0.579661 5.44 64.12 118.30 196.60
person 0.571364 5.62 45.97 74.65 143.60
person 0.555672 65.53 72.29 167.72 204.32
person 0.420358 142.43 62.59 222.26 166.75
