bicycle 0.773838 14.89 109.75 69.43 209.00
bicycle 0.741338 5.22 83.25 78.01 208.44
person 0.609028 3.68 23.95 40.81 110.03
person 0.573048 161.50 77.71 197.59 200.27
bicycle 0.554051 0.51 59.13 60.03 197.80
person 0.539822 174.82 64.04 206.85 171.21
bicycle 0.483578 2.80 104.69 52.62 193.53
person 0.481127 44.79 66.71 82.36 125.68
bicycle 0.474782 0.00 107.37 35.20 185.89
person 0.466523 182.35 76.48 212.28 195.35
person 0.457951 178.55 87.44 200.07 197.51
person 0.441220 0.93 26.18 41.92 153.07
person 0.409834 197.64 67.70 223.00 189.57
person 0.408402 38.48 52.41 80.90 118.56
